#WP  Lon[+-180]  Lat[+-90]  Speed[m/s]  delayT[min]  Altitude[m]  CumLegT[H]  UTC[H]  LocalT[H]  LegT[H]  Dist[km]  CumDist[km]  Dist[Nmi]  CumDist[Nmi]  Speed[kt]  Altitude[kft]  SZA[deg]  AZI[deg]  Bearing[deg]  Climbt[min]  Comments  WPnames
0   -117.88639100  +34.91078100  114.27  0    704.7  0.00  0.00  16.14  0.25  101.1  0.0    54.6   0.0    222.1  2.31  -9999.0  -9999.0  0.0  0    takeoff  H2100
1   -117.71926658  +35.06740520  114.27  0    6096.0  0.25  0.25  16.40  0.10  40.0   101.1  21.6   54.6   222.1  20.00  -9999.0  -9999.0  90.0  0    pattern  H2101
2   -117.28073342  +35.06740520  114.27  0    6096.0  0.34  0.34  16.52  0.02  7.6    141.1  4.1    76.2   222.1  20.00  -9999.0  -9999.0  90.0  0    pattern  H2102
3   -117.28085382  +35.02233669  114.27  0    6096.0  0.36  0.36  16.54  0.10  40.0   148.7  21.6   80.3   222.1  20.00  -9999.0  -9999.0  270.0  0    pattern  H2103
4   -117.71914618  +35.02233669  114.27  0    6096.0  0.46  0.46  16.61  0.02  7.6    188.7  4.1    101.9  222.1  20.00  -9999.0  -9999.0  270.0  0    pattern  H2104
5   -117.71902606  +34.97726784  114.27  0    6096.0  0.48  0.48  16.63  0.10  40.0   196.3  21.6   106.0  222.1  20.00  -9999.0  -9999.0  90.0  0    pattern  H2105
6   -117.28097394  +34.97726784  114.27  0    6096.0  0.57  0.57  16.76  0.02  7.6    236.3  4.1    127.6  222.1  20.00  -9999.0  -9999.0  90.0  0    pattern  H2106
7   -117.28109380  +34.93219866  114.27  0    6096.0  0.59  0.59  16.77  0.10  40.0   244.0  21.6   131.7  222.1  20.00  -9999.0  -9999.0  270.0  0    pattern  H2107
8   -117.71890620  +34.93219866  114.27  0    6096.0  0.69  0.69  16.84  0.15  60.8   283.9  32.8   153.3  222.1  20.00  -9999.0  -9999.0  270.0  0    pattern  H2108
9   -118.30000000  +35.04506901  114.07  0    6096.0  0.84  0.84  16.95  0.07  27.9   344.8  15.1   186.2  221.8  20.00  -9999.0  -9999.0  90.0  0    descent  H2109
10  -118.29048387  +35.04438394  113.87  0    6032.5  0.91  0.91  17.02  0.07  27.9   372.7  15.1   201.3  221.4  19.79  -9999.0  -9999.0  100.0  0    descent  H2110
11  -118.28125735  +35.04234958  113.67  0    5969.0  0.97  0.97  17.09  0.07  27.9   400.7  15.1   216.3  221.0  19.58  -9999.0  -9999.0  110.0  0    descent  H2111
12  -118.27260118  +35.03902783  113.47  0    5905.5  1.04  1.04  17.16  0.07  27.9   428.6  15.1   231.4  220.6  19.37  -9999.0  -9999.0  120.0  0    descent  H2112
13  -118.26477869  +35.03451978  113.28  0    5842.0  1.11  1.11  17.23  0.07  28.0   456.6  15.1   246.5  220.2  19.17  -9999.0  -9999.0  130.0  0    descent  H2113
14  -118.25802772  +35.02896258  113.08  0    5778.5  1.18  1.18  17.30  0.07  28.0   484.5  15.1   261.6  219.8  18.96  -9999.0  -9999.0  140.0  0    descent  H2114
15  -118.25255339  +35.02252527  112.88  0    5715.0  1.25  1.25  17.36  0.07  28.0   512.5  15.1   276.7  219.4  18.75  -9999.0  -9999.0  150.0  0    descent  H2115
16  -118.24852187  +35.01540363  112.68  0    5651.5  1.32  1.32  17.43  0.07  28.0   540.4  15.1   291.8  219.0  18.54  -9999.0  -9999.0  160.0  0    descent  H2116
17  -118.24605536  +35.00781419  112.48  0    5588.0  1.39  1.39  17.50  0.07  28.0   568.4  15.1   306.9  218.7  18.33  -9999.0  -9999.0  170.0  0    descent  H2117
18  -118.24522840  +34.99998764  112.28  0    5524.5  1.45  1.45  17.57  0.07  28.0   596.3  15.1   322.0  218.3  18.12  -9999.0  -9999.0  180.0  0    descent  H2118
19  -118.24606563  +34.99216183  112.08  0    5461.0  1.52  1.52  17.64  0.07  28.0   624.3  15.1   337.1  217.9  17.92  -9999.0  -9999.0  190.0  0    descent  H2119
20  -118.24854118  +34.98457451  111.88  0    5397.5  1.59  1.59  17.71  0.07  28.0   652.2  15.1   352.2  217.5  17.71  -9999.0  -9999.0  200.0  0    descent  H2120
21  -118.25257940  +34.97745611  111.68  0    5334.0  1.66  1.66  17.78  0.07  28.0   680.2  15.1   367.3  217.1  17.50  -9999.0  -9999.0  210.0  0    descent  H2121
22  -118.25805729  +34.97102278  111.48  0    5270.5  1.73  1.73  17.85  0.07  28.0   708.2  15.1   382.4  216.7  17.29  -9999.0  -9999.0  220.0  0    descent  H2122
23  -118.26480827  +34.96546981  111.28  0    5207.0  1.80  1.80  17.92  0.07  28.0   736.1  15.1   397.5  216.3  17.08  -9999.0  -9999.0  230.0  0    descent  H2123
24  -118.27262719  +34.96096574  111.09  0    5143.5  1.87  1.87  17.99  0.07  28.0   764.1  15.1   412.6  216.0  16.87  -9999.0  -9999.0  240.0  0    descent  H2124
25  -118.28127665  +34.95764724  110.89  0    5080.0  1.94  1.94  18.06  0.07  28.0   792.0  15.1   427.7  215.6  16.67  -9999.0  -9999.0  250.0  0    descent  H2125
26  -118.29049414  +34.95561499  110.69  0    5016.5  2.01  2.01  18.13  0.07  28.0   820.0  15.1   442.8  215.2  16.46  -9999.0  -9999.0  260.0  0    descent  H2126
27  -118.30000000  +34.95493066  110.49  0    4953.0  2.08  2.08  18.20  0.07  28.0   847.9  15.1   457.9  214.8  16.25  -9999.0  -9999.0  270.0  0    descent  H2127
28  -118.30950586  +34.95561499  110.29  0    4889.5  2.15  2.15  18.26  0.07  28.0   875.9  15.1   472.9  214.4  16.04  -9999.0  -9999.0  280.0  0    descent  H2128
29  -118.31872335  +34.95764724  110.09  0    4826.0  2.22  2.22  18.33  0.07  28.0   903.9  15.1   488.0  214.0  15.83  -9999.0  -9999.0  290.0  0    descent  H2129
30  -118.32737281  +34.96096574  109.89  0    4762.5  2.29  2.29  18.40  0.07  28.0   931.8  15.1   503.1  213.6  15.62  -9999.0  -9999.0  300.0  0    descent  H2130
31  -118.33519173  +34.96546981  109.69  0    4699.0  2.36  2.36  18.47  0.07  28.0   959.8  15.1   518.2  213.2  15.42  -9999.0  -9999.0  310.0  0    descent  H2131
32  -118.34194271  +34.97102278  109.49  0    4635.5  2.43  2.43  18.54  0.07  28.0   987.7  15.1   533.3  212.9  15.21  -9999.0  -9999.0  320.0  0    descent  H2132
33  -118.34742060  +34.97745611  109.29  0    4572.0  2.51  2.51  18.62  0.07  28.0   1015.7  15.1   548.4  212.5  15.00  -9999.0  -9999.0  330.0  0    descent  H2133
34  -118.35145882  +34.98457451  109.10  0    4508.5  2.58  2.58  18.69  0.07  28.0   1043.6  15.1   563.5  212.1  14.79  -9999.0  -9999.0  340.0  0    descent  H2134
35  -118.35393437  +34.99216183  108.90  0    4445.0  2.65  2.65  18.76  0.07  28.0   1071.6  15.1   578.6  211.7  14.58  -9999.0  -9999.0  350.0  0    descent  H2135
36  -118.35477160  +34.99998764  108.70  0    4381.5  2.72  2.72  18.83  0.07  28.0   1099.5  15.1   593.7  211.3  14.38  -9999.0  -9999.0  0.0  0    descent  H2136
37  -118.35394464  +35.00781419  108.50  0    4318.0  2.79  2.79  18.90  0.07  28.0   1127.5  15.1   608.8  210.9  14.17  -9999.0  -9999.0  10.0  0    descent  H2137
38  -118.35147813  +35.01540363  108.30  0    4254.5  2.86  2.86  18.97  0.07  28.0   1155.5  15.1   623.9  210.5  13.96  -9999.0  -9999.0  20.0  0    descent  H2138
39  -118.34744661  +35.02252527  108.10  0    4191.0  2.93  2.93  19.04  0.07  28.0   1183.4  15.1   639.0  210.1  13.75  -9999.0  -9999.0  30.0  0    descent  H2139
40  -118.34197228  +35.02896258  107.90  0    4127.5  3.01  3.01  19.12  0.07  28.0   1211.4  15.1   654.1  209.8  13.54  -9999.0  -9999.0  40.0  0    descent  H2140
41  -118.33522131  +35.03451978  107.70  0    4064.0  3.08  3.08  19.19  0.07  28.0   1239.3  15.1   669.2  209.4  13.33  -9999.0  -9999.0  50.0  0    descent  H2141
42  -118.32739882  +35.03902783  107.50  0    4000.5  3.15  3.15  19.26  0.07  27.9   1267.3  15.1   684.3  209.0  13.12  -9999.0  -9999.0  60.0  0    descent  H2142
43  -118.31874265  +35.04234958  107.30  0    3937.0  3.22  3.22  19.33  0.07  27.9   1295.2  15.1   699.4  208.6  12.92  -9999.0  -9999.0  70.0  0    descent  H2143
44  -118.30951613  +35.04438394  107.11  0    3873.5  3.29  3.29  19.41  0.07  27.9   1323.2  15.1   714.4  208.2  12.71  -9999.0  -9999.0  80.0  0    descent  H2144
45  -118.30000000  +35.04506901  106.91  0    3810.0  3.37  3.37  19.48  0.07  27.9   1351.1  15.1   729.5  207.8  12.50  -9999.0  -9999.0  90.0  0    descent  H2145
46  -118.29048387  +35.04438394  106.71  0    3746.5  3.44  3.44  19.55  0.07  27.9   1379.1  15.1   744.6  207.4  12.29  -9999.0  -9999.0  100.0  0    descent  H2146
47  -118.28125735  +35.04234958  106.51  0    3683.0  3.51  3.51  19.63  0.07  27.9   1407.0  15.1   759.7  207.1  12.08  -9999.0  -9999.0  110.0  0    descent  H2147
48  -118.27260118  +35.03902783  106.31  0    3619.5  3.58  3.58  19.70  0.07  27.9   1435.0  15.1   774.8  206.7  11.87  -9999.0  -9999.0  120.0  0    descent  H2148
49  -118.26477869  +35.03451978  106.11  0    3556.0  3.66  3.66  19.77  0.07  28.0   1462.9  15.1   789.9  206.3  11.67  -9999.0  -9999.0  130.0  0    descent  H2149
50  -118.25802772  +35.02896258  105.91  0    3492.5  3.73  3.73  19.85  0.07  28.0   1490.9  15.1   805.0  205.9  11.46  -9999.0  -9999.0  140.0  0    descent  H2150
51  -118.25255339  +35.02252527  105.71  0    3429.0  3.80  3.80  19.92  0.07  28.0   1518.8  15.1   820.1  205.5  11.25  -9999.0  -9999.0  150.0  0    descent  H2151
52  -118.24852187  +35.01540363  105.51  0    3365.5  3.88  3.88  19.99  0.07  28.0   1546.8  15.1   835.2  205.1  11.04  -9999.0  -9999.0  160.0  0    descent  H2152
53  -118.24605536  +35.00781419  105.31  0    3302.0  3.95  3.95  20.07  0.07  28.0   1574.7  15.1   850.3  204.7  10.83  -9999.0  -9999.0  170.0  0    descent  H2153
54  -118.24522840  +34.99998764  105.12  0    3238.5  4.02  4.02  20.14  0.07  28.0   1602.7  15.1   865.4  204.3  10.62  -9999.0  -9999.0  180.0  0    descent  H2154
55  -118.24606563  +34.99216183  104.92  0    3175.0  4.10  4.10  20.22  0.07  28.0   1630.6  15.1   880.5  204.0  10.42  -9999.0  -9999.0  190.0  0    descent  H2155
56  -118.24854118  +34.98457451  104.72  0    3111.5  4.17  4.17  20.29  0.07  28.0   1658.6  15.1   895.6  203.6  10.21  -9999.0  -9999.0  200.0  0    descent  H2156
57  -118.25257940  +34.97745611  104.52  0    3048.0  4.25  4.25  20.36  0.07  28.0   1686.5  15.1   910.7  203.2  10.00  -9999.0  -9999.0  210.0  0    descent  H2157
58  -118.25805729  +34.97102278  104.32  0    2984.5  4.32  4.32  20.44  0.07  28.0   1714.5  15.1   925.7  202.8  9.79  -9999.0  -9999.0  220.0  0    descent  H2158
59  -118.26480827  +34.96546981  104.12  0    2921.0  4.40  4.40  20.51  0.07  28.0   1742.4  15.1   940.8  202.4  9.58  -9999.0  -9999.0  230.0  0    descent  H2159
60  -118.27262719  +34.96096574  103.92  0    2857.5  4.47  4.47  20.59  0.07  28.0   1770.4  15.1   955.9  202.0  9.37  -9999.0  -9999.0  240.0  0    descent  H2160
61  -118.28127665  +34.95764724  103.72  0    2794.0  4.54  4.54  20.66  0.07  28.0   1798.4  15.1   971.0  201.6  9.17  -9999.0  -9999.0  250.0  0    descent  H2161
62  -118.29049414  +34.95561499  103.52  0    2730.5  4.62  4.62  20.73  0.08  28.0   1826.3  15.1   986.1  201.2  8.96  -9999.0  -9999.0  260.0  0    descent  H2162
63  -118.30000000  +34.95493066  103.32  0    2667.0  4.69  4.69  20.81  0.08  28.0   1854.3  15.1   1001.2  200.9  8.75  -9999.0  -9999.0  270.0  0    descent  H2163
64  -118.30950586  +34.95561499  103.12  0    2603.5  4.77  4.77  20.88  0.08  28.0   1882.2  15.1   1016.3  200.5  8.54  -9999.0  -9999.0  280.0  0    descent  H2164
65  -118.31872335  +34.95764724  102.93  0    2540.0  4.85  4.85  20.96  0.08  28.0   1910.2  15.1   1031.4  200.1  8.33  -9999.0  -9999.0  290.0  0    descent  H2165
66  -118.32737281  +34.96096574  102.73  0    2476.5  4.92  4.92  21.03  0.08  28.0   1938.1  15.1   1046.5  199.7  8.12  -9999.0  -9999.0  300.0  0    descent  H2166
67  -118.33519173  +34.96546981  102.53  0    2413.0  5.00  5.00  21.11  0.08  28.0   1966.1  15.1   1061.6  199.3  7.92  -9999.0  -9999.0  310.0  0    descent  H2167
68  -118.34194271  +34.97102278  102.33  0    2349.5  5.07  5.07  21.18  0.08  28.0   1994.1  15.1   1076.7  198.9  7.71  -9999.0  -9999.0  320.0  0    descent  H2168
69  -118.34742060  +34.97745611  102.13  0    2286.0  5.15  5.15  21.26  0.08  28.0   2022.0  15.1   1091.8  198.5  7.50  -9999.0  -9999.0  330.0  0    descent  H2169
70  -118.35145882  +34.98457451  101.93  0    2222.5  5.22  5.22  21.33  0.08  28.0   2050.0  15.1   1106.9  198.2  7.29  -9999.0  -9999.0  340.0  0    descent  H2170
71  -118.35393437  +34.99216183  101.73  0    2159.0  5.30  5.30  21.41  0.08  28.0   2077.9  15.1   1122.0  197.8  7.08  -9999.0  -9999.0  350.0  0    descent  H2171
72  -118.35477160  +34.99998764  101.53  0    2095.5  5.38  5.38  21.49  0.08  28.0   2105.9  15.1   1137.1  197.4  6.88  -9999.0  -9999.0  0.0  0    descent  H2172
73  -118.35394464  +35.00781419  101.33  0    2032.0  5.45  5.45  21.56  0.08  28.0   2133.8  15.1   1152.2  197.0  6.67  -9999.0  -9999.0  10.0  0    descent  H2173
74  -118.35147813  +35.01540363  101.13  0    1968.5  5.53  5.53  21.64  0.08  28.0   2161.8  15.1   1167.3  196.6  6.46  -9999.0  -9999.0  20.0  0    descent  H2174
75  -118.34744661  +35.02252527  100.94  0    1905.0  5.61  5.61  21.72  0.08  28.0   2189.7  15.1   1182.4  196.2  6.25  -9999.0  -9999.0  30.0  0    descent  H2175
76  -118.34197228  +35.02896258  100.74  0    1841.5  5.68  5.68  21.79  0.08  28.0   2217.7  15.1   1197.5  195.8  6.04  -9999.0  -9999.0  40.0  0    descent  H2176
77  -118.33522131  +35.03451978  100.54  0    1778.0  5.76  5.76  21.87  0.08  28.0   2245.6  15.1   1212.5  195.4  5.83  -9999.0  -9999.0  50.0  0    descent  H2177
78  -118.32739882  +35.03902783  100.34  0    1714.5  5.84  5.84  21.95  0.08  27.9   2273.6  15.1   1227.6  195.1  5.62  -9999.0  -9999.0  60.0  0    descent  H2178
79  -118.31874265  +35.04234958  100.14  0    1651.0  5.91  5.91  22.03  0.08  27.9   2301.5  15.1   1242.7  194.7  5.42  -9999.0  -9999.0  70.0  0    descent  H2179
80  -118.30951613  +35.04438394  99.94  0    1587.5  5.99  5.99  22.11  0.08  27.9   2329.5  15.1   1257.8  194.3  5.21  -9999.0  -9999.0  80.0  0    descent  H2180
81  -118.30000000  +35.04506901  97.37  0    1524.0  6.07  6.07  22.18  0.13  46.0   2357.4  24.8   1272.9  189.3  5.00  -9999.0  -9999.0  90.0  0    descent  H2181
82  -117.88639100  +34.91078100  0.00  0    704.7  6.20  6.20  22.34  0.00  0.0    2403.4  0.0    1297.7  0.0  2.31  -9999.0  -9999.0  0.0  0      H2182
